9002817
9003430
9004175
9005075
9005132
9007827
9011420
9012867
9016918
9017909
9019287
9024940
9027422
9029095
9030718
9034644
9035317
9035647
9036287
9036770
9036771
9041946
9043637
9044005
9048192
9052956
9056326
9057417
9070207
9073948
9074437
9075815
9081306
9083500
9089627
9092628
9093622
9094783
9108461
9108714
9109062
9113018
9116298
9116534
9120941
9124024
9130672
9131266
9132472
9132486
9133694
9141244
9144384
9144760
9145695
9152569
9158391
9162299
9162394
9162498
9166468
9172581
9177337
9179589
9179789
9189303
9189553
9191533
9194860
9197994
9201046
9202456
9202515
9204055
9206450
9208055
9209896
9211261
9211869
9212052
9214395
9215922
9218935
9220441
9223685
9223789
9223980
9224590
9225592
9227993
9230363
9238060
9240925
9241424
9244698
9245519
9255535
9258563
9260515
9269275
9269383
9271965
9273362
9277154
9280181
9280204
9282257
9284505
9287216
9287241
9291078
9295946
9297511
9300338
9301332
9311154
9311328
9313233
9313330
9314341
9319367
9322401
9323079
9324400
9327065
9329346
9330729
9331053
9332345
9338059
9341903
9343449
9351245
9351479
9353017
9355112
9356006
9357990
9362660
9364366
9375317
9376280
9383004
9390064
9391061
9391372
9392537
9394168
9394203
9395979
9396968
9397976
9397988
9400618
9407052
9409550
9409941
9413071
9413279
9414083
9416102
9416381
9421492
9422381
9426339
9435315
9435335
9440307
9440518
9441432
9445105
9451499
9453364
9454360
9456548
9457264
9457359
9458093
9460287
9461404
9465287
9467252
9473858
9474571
9477175
9477358
9478504
9478732
9481413
9484408
9486952
9491365
9504627
9504935
9517311
9517914
9518267
9519310
9526396
9529135
9531454
9534875
9545822
9556464
9564189
9568504
9601162
9602703
9606490
9613993
9617689
9624170
9627197
9631713
9638953
9642550
9653075
9657594
9672573
9680800
9689922
9691663
9695686
9700450
9718992
9741448
9745458
9750090
9768869
9771973
9781749
9793168
9811475
9817241
9858216
9862541
9863766
9878765
9878871
9879069
9879774
9880455
9884591
9895555
9899098
9905156
9908089
9916140
9925594
9933836
9951449
9990192
9993833
